81,517,197,593,421,1353,97,305,949,641,293,1517,
-
793,1649,665,101,193,609,
-
249,829,
-
517,465,437,1281,489,1353,221,437,1481,
-
2585,2325,2185,6405,2445,6765,1105,2185,7405,
-
21465,4025,18805,18125,13785,6605,16405,
-
3853,2821,1941,
-
3853,2821,1941,
-
11150,6195,13615,15045,12245,15705,7655,4305,2295,
-
11090,5985,13630,15220,12275,15765,7595,4495,2240,
-
11150,6195,13615,15045,12245,15705,7655,4305,2295,
-
Thu Jun 10 12:29:47 2021 ,13 ,20304 ,101938 ,125 
Thu Jun 10 12:29:47 2021 ,12 ,31344 ,195266 ,125 
Thu Jun 10 12:29:47 2021 ,6 ,11992 ,164513 ,125 
Thu Jun 10 12:29:47 2021 ,1 ,21000 ,212088 ,125 
Thu Jun 10 12:29:47 2021 ,11 ,26568 ,179576 ,125 
Thu Jun 10 12:29:47 2021 ,19 ,17632 ,137065 ,125 
Thu Jun 10 12:29:47 2021 ,4 ,31920 ,212096 ,125 
Thu Jun 10 12:29:47 2021 ,7 ,20568 ,101941 ,125 
---Thu Jun 10 12:33:56 2021 ,14 ,17744 ,113076 ,125 
Thu Jun 10 12:33:56 2021 ,18 ,9616 ,91960 ,125 
Thu Jun 10 12:33:56 2021 ,6 ,21816 ,164513 ,125 
Thu Jun 10 12:33:56 2021 ,1 ,24280 ,212088 ,125 
Thu Jun 10 12:33:56 2021 ,10 ,19624 ,91959 ,125 
Thu Jun 10 12:33:56 2021 ,8 ,25208 ,137060 ,125 
Thu Jun 10 12:33:56 2021 ,3 ,12080 ,44468 ,125 
Thu Jun 10 12:33:56 2021 ,4 ,7024 ,212096 ,125 
Thu Jun 10 12:33:56 2021 ,20 ,3544 ,212093 ,125 
---Thu Jun 10 12:37:12 2021 ,14 ,17776 ,113077 ,125 
Thu Jun 10 12:37:12 2021 ,12 ,1936 ,195267 ,125 
Thu Jun 10 12:37:12 2021 ,18 ,11960 ,91963 ,125 
Thu Jun 10 12:37:12 2021 ,6 ,21440 ,164515 ,125 
Thu Jun 10 12:37:12 2021 ,1 ,23296 ,212093 ,125 
Thu Jun 10 12:37:12 2021 ,10 ,19520 ,91964 ,125 
Thu Jun 10 12:37:12 2021 ,8 ,25496 ,137063 ,125 
Thu Jun 10 12:37:12 2021 ,3 ,12576 ,44470 ,125 
Thu Jun 10 12:37:12 2021 ,4 ,7712 ,212090 ,125 
Thu Jun 10 12:37:12 2021 ,20 ,3056 ,212095 ,125 
---Thu Jun 10 12:38:39 2021 , 14 , 17744 , 113076 , 125 
Thu Jun 10 12:38:39 2021 , 18 , 9616 , 91960 , 125 
Thu Jun 10 12:38:39 2021 , 6 , 21816 , 164513 , 125 
Thu Jun 10 12:38:39 2021 , 1 , 24280 , 212088 , 125 
Thu Jun 10 12:38:39 2021 , 10 , 19624 , 91959 , 125 
Thu Jun 10 12:38:39 2021 , 8 , 25208 , 137060 , 125 
Thu Jun 10 12:38:39 2021 , 3 , 12080 , 44468 , 125 
Thu Jun 10 12:38:39 2021 , 4 , 7024 , 212096 , 125 
Thu Jun 10 12:38:39 2021 , 20 , 3544 , 212093 , 125 
---