500 500 500 500
207.379342729001 305.654260114872 226.257805286152 568.51480318547
137.229938984677 459.716392777397 770.720443534655 485.382595995556
169.016903213946 704.628724694588 644.589015349462 622.408738838783
170.332334334604 170.332334334604 469.939932848267 310.256964754725
140.965621326918 439.204819837058 318.141441147317 260.134267938879
148.208667442226 425.553938196099 645.651050101568 227.057291626936
146.347740554861 434.428596885804 732.076680738826 768.439157462205
135.335453354794 487.766188110027 498.155051195185 464.703517847492
147.241328476705 201.703562967703 783.453416039364 364.464518153348
165.866093694358 721.404729311137 834.133906305643 345.225575872882
140.473677945863 259.825026534867 602.089524756056 581.061496505123
197.668517099526 733.175839766338 486.123807818014 239.285616892846
157.631798947163 221.730434391477 453.874479071349 842.368201052837
129.02089962762 485.654798446258 461.490155727504 728.432609487198
202.759758764263 713.568203041403 272.812353371253 577.611838686588