1 10 5 0.3 1000 1000 1000 1000
1 10 5 0.3 172.880702299129 335.924535337663 172.880702299129 524.452666788121
1 10 5 0.3 143.244200682397 641.084352957824 426.007852178128 250.552473536105
1 10 5 0.3 95.7633393404928 427.539342034751 408.380179235426 430.795852511562
1 10 5 0.3 138.652241772153 602.809479307008 585.244977136066 486.457920119953
1 10 5 0.3 165.888001347129 165.888001347129 463.889986676112 442.511615268208
1 10 5 0.3 174.954125179526 402.216705055313 468.429472073072 701.513317031581
1 10 5 0.3 183.842891444134 344.276252490632 296.226841582733 183.842891444134
1 10 5 0.3 120.621307073296 424.909367944798 574.997575779045 290.525432309213
1 10 5 0.3 150.887968358196 637.230161878036 297.263046566943 517.809124518253
1 10 5 0.3 161.522358245952 343.948056988949 738.32293407813 506.783432608084
2 10 5 0.3 1000 1000 1000 1000
2 10 5 0.3 169.19366461632 376.019501582143 589.190717609513 633.128267438919
2 10 5 0.3 139.946978820701 430.751266026547 493.722020787599 139.946978820701
2 10 5 0.3 75.4749734335569 451.538000309936 631.585934317619 398.920909071727
2 10 5 0.3 248.917922399765 248.917922399765 248.917922399765 425.537400922694
2 10 5 0.3 108.568628688782 584.115061568814 674.858987830122 231.661163820704
2 10 5 0.3 123.15450547952 394.968533325563 855.870622599292 280.430842380107
2 10 5 0.3 188.17586650294 639.446358235205 446.335887762562 436.034014925176
2 10 5 0.3 176.559243376556 606.827145856546 811.070997642058 491.338205738689
2 10 5 0.3 157.361616916459 218.701409959921 647.545540308874 351.906756057601
2 10 5 0.3 174.681345493124 274.159377335946 913.936153828185 557.941115038451